223,0,41, 		// background 1
223,0,41,  		// background 2
0,0,0,			// 1 	-spectrum top
0,0,0,	 		// 2
0,0,0,			// 3
0,0,0,			// 4
0,0,0,			// 5
0,0,0,			// 6
0,0,0,			// 7
0,0,0,			// 8  -spectrum center
0,0,0,			// 9	 
0,0,0,			// 10	
0,0,0,			// 11
0,0,0,		 	// 12
0,0,0,			// 13
0,0,0,			// 14
0,0,0,			// 15
0,0,0,		    	// 16	-spectrum bottom
0,0,0,		 	// 1 	-sine wave center
0,0,0,	 		// 2 	
0,0,0,			// 3 
0,0,0,	 		// 4 
0,0,0,			// 5
0,0,0,			// 6  -sine wave bottom
0,0,0,		 	// 1	-peaks